%YAML:1.0
SIR-LASER:
  rectRoiRectified:
    - 153
    - 18
    - 395
    - 319
