%YAML:1.0
SIR-LASER:
  rectRoiRectified:
    - 149
    - 17
    - 414
    - 359
