%YAML:1.0
SIR-LASER:
  rectRoiRectified:
    - 106
    - 86
    - 530
    - 338
