<?xml version="1.0"?>
<opencv_storage>
<id>""</id>
<version>4</version>
<numCameras>3</numCameras>
<calibrationType>FACTORY</calibrationType>
<calibrationTime>"2016-01-15 16:13:50"</calibrationTime>
<camera_calibrations>
  <camera_0>
    <camera_id>0</camera_id>
    <resolution>
      640 480</resolution>
    <K type_id="opencv-matrix">
      <rows>3</rows>
      <cols>3</cols>
      <dt>d</dt>
      <data>
        4.3841315124560816e+002 0. 3.2072073046333958e+002 0.
        4.3861576800549386e+002 2.4359195157816842e+002 0. 0. 1.</data></K>
    <D type_id="opencv-matrix">
      <rows>1</rows>
      <cols>5</cols>
      <dt>d</dt>
      <data>
        3.5700104403973414e-002 -2.5696243442005686e-002
        1.2897119796380439e-003 5.9547065657984807e-004
        -5.2266254870331104e-002</data></D>
    <R type_id="opencv-matrix">
      <rows>3</rows>
      <cols>3</cols>
      <dt>d</dt>
      <data>
        1. 0. 0. 0. 1. 0. 0. 0. 1.</data></R>
    <T type_id="opencv-matrix">
      <rows>3</rows>
      <cols>1</cols>
      <dt>d</dt>
      <data>
        0. 0. 0.</data></T></camera_0>
  <camera_1>
    <camera_id>1</camera_id>
    <resolution>
      640 480</resolution>
    <K type_id="opencv-matrix">
      <rows>3</rows>
      <cols>3</cols>
      <dt>d</dt>
      <data>
        4.3933257292922082e+002 0. 3.2375292073103196e+002 0.
        4.3964072812134532e+002 2.4835602975630184e+002 0. 0. 1.</data></K>
    <D type_id="opencv-matrix">
      <rows>1</rows>
      <cols>5</cols>
      <dt>d</dt>
      <data>
        3.4571197499198167e-002 -1.6705523684598964e-002
        8.3006582087117556e-004 9.3075206022439922e-004
        -6.7427838080192995e-002</data></D>
    <R type_id="opencv-matrix">
      <rows>3</rows>
      <cols>3</cols>
      <dt>d</dt>
      <data>
        9.9989447067813142e-001 -9.1453939879379397e-003
        -1.1287571754136071e-002 9.1588238229794987e-003
        9.9995740878092287e-001 1.1386704185145054e-003
        1.1276677413094916e-002 -1.2419311364827788e-003
        9.9993564500600396e-001</data></R>
    <T type_id="opencv-matrix">
      <rows>3</rows>
      <cols>1</cols>
      <dt>d</dt>
      <data>
        -4.9484054005927611e+001 -1.0829520662595633e-001
        -9.5374095674937556e-002</data></T></camera_1>
  <camera_2>
    <camera_id>2</camera_id>
    <resolution>
      1280 800</resolution>
    <K type_id="opencv-matrix">
      <rows>3</rows>
      <cols>3</cols>
      <dt>d</dt>
      <data>
        7.8540814741039617e+002 0. 6.4691591746663130e+002 0.
        7.8735440687313815e+002 4.0370124173422602e+002 0. 0. 1.</data></K>
    <D type_id="opencv-matrix">
      <rows>1</rows>
      <cols>5</cols>
      <dt>d</dt>
      <data>
        -4.3199427965302600e-002 -1.5994379544423346e-001
        2.7497728276782731e-004 9.9219808089101341e-004
        3.8554406920802795e-002</data></D>
    <R type_id="opencv-matrix">
      <rows>3</rows>
      <cols>3</cols>
      <dt>d</dt>
      <data>
        9.9997382062138862e-001 -5.2010484555437128e-003
        -5.0306229063488252e-003 5.2107135683968691e-003
        9.9998459994718480e-001 1.9100608830368078e-003
        5.0206111152846624e-003 -1.9362240138653751e-003
        9.9998552214549452e-001</data></R>
    <T type_id="opencv-matrix">
      <rows>3</rows>
      <cols>1</cols>
      <dt>d</dt>
      <data>
        -2.4755477357309587e+001 2.4837560290506534e+001
        -2.6520618265786537e+000</data></T></camera_2></camera_calibrations>
<err_reprjRMS>9.1684733024088458e-002</err_reprjRMS>
<err_reprjPerc99>2.7336120605468750e-001</err_reprjPerc99>
</opencv_storage>
